/**:
  zed2:
    translation:
      x: 0.5297981623017833
      y: -0.6792716403394491
      z: 0.08371118750384102
    rotation:
      x: 0.45185206192850896
      y: 0.5498215966902548
      z: 0.4442062591791017
      w: 0.5442487714731586

  zed2:
    translation:
      x: 0.5236425999941225
      y: 0.446947179243176
      z: 0.34343314197411295
    rotation:
      x: -0.18097212982700334
      y: 0.8263314256176979
      z: -0.34753493241548433
      w: 0.4045305106088611